row=25 col=25
383 277 293 386 149 362 190 263 40 172 211 67 282 362 67 429 22 69 393 11 229 421 284 198 315 
413 91 456 362 496 305 84 336 346 313 124 82 314 434 43 87 276 288 403 254 432 176 239 226 94 
295 434 467 97 317 152 301 286 365 444 440 31 97 481 209 67 497 86 306 219 28 232 3 270 208 
340 296 118 346 421 379 264 341 193 34 124 487 243 227 359 432 437 275 474 358 29 235 318 143 428 
276 443 113 106 404 128 369 417 324 470 490 272 144 5 454 169 42 197 355 348 122 299 246 340 311 
105 161 378 320 444 22 208 282 424 62 100 452 379 468 473 381 433 160 199 399 459 313 190 426 84 
90 376 436 445 179 387 348 159 336 342 206 213 321 319 221 439 440 205 127 484 420 422 396 130 292 
172 125 222 140 398 298 24 209 319 232 494 379 273 350 360 79 493 121 4 461 326 444 202 284 342 
28 372 458 36 253 303 133 390 67 368 0 288 249 303 363 253 186 152 475 157 436 414 460 28 50 
56 294 199 39 428 0 147 159 35 339 215 4 49 285 343 177 238 449 367 292 243 329 182 41 326 
261 360 23 81 190 496 177 190 24 114 205 312 100 226 416 78 446 147 51 131 357 312 214 12 412 
110 189 355 120 487 338 270 356 106 349 205 217 445 373 373 289 107 257 471 100 118 25 74 157 493 
270 417 69 122 173 431 182 292 57 21 74 447 231 37 54 98 81 16 231 296 338 218 470 312 477 
36 176 207 357 499 127 236 318 63 244 305 291 455 89 493 305 322 217 93 126 486 43 314 179 262 
88 210 294 346 137 153 73 425 210 217 463 90 130 71 133 289 104 305 368 485 195 449 467 263 96 
365 36 270 211 32 379 270 172 234 283 398 63 450 73 59 47 82 232 454 398 140 159 262 41 223 
272 154 321 365 171 269 201 153 407 228 297 84 334 491 398 52 189 6 16 109 0 109 81 338 426 
147 287 32 281 350 90 350 313 494 81 220 482 487 296 404 392 297 134 6 57 95 462 483 154 309 
432 21 63 182 185 285 490 314 116 392 28 25 136 118 337 82 310 388 315 437 8 283 157 327 269 
151 410 139 388 393 390 199 431 277 157 452 141 368 184 276 266 454 308 278 55 274 0 497 412 382 
193 439 421 485 354 262 41 352 162 399 154 15 351 290 491 37 359 371 487 90 470 165 69 361 351 
300 138 364 32 104 179 412 469 170 344 149 465 326 183 469 152 393 289 131 264 48 377 333 449 155 
468 460 323 171 177 245 261 323 100 75 42 159 289 469 51 383 133 304 481 166 467 192 402 131 174 
218 183 487 73 62 433 496 141 226 480 485 305 29 398 62 219 141 10 226 289 208 438 493 210 405 
113 138 421 329 180 95 24 154 69 469 373 433 87 94 499 339 242 86 349 186 11 133 222 273 19 
