row=25 col=25
386 415 335 492 421 27 59 426 426 236 368 429 30 123 135 302 58 167 456 42 373 419 37 324 370 
26 480 373 170 281 425 327 5 229 357 395 45 367 364 250 308 178 84 151 399 60 368 12 86 39 
70 378 101 402 492 256 280 441 189 119 229 117 271 175 427 356 353 465 183 124 371 329 19 368 215 
149 223 245 451 55 488 228 350 0 264 414 356 491 365 436 51 228 407 121 395 237 293 428 11 29 
404 263 38 340 318 188 417 496 243 183 499 225 90 139 286 82 464 7 304 111 328 343 68 422 310 
301 230 305 236 126 465 416 258 137 124 36 399 50 71 131 430 394 163 481 496 273 168 95 466 340 
184 42 107 256 418 412 172 9 210 87 301 372 255 99 404 311 167 228 150 158 224 269 81 84 472 
350 385 299 42 213 190 90 81 336 155 4 269 276 255 142 384 205 67 113 254 259 202 6 21 368 
189 408 498 308 248 333 148 254 246 29 46 297 490 33 497 392 125 496 188 229 460 421 304 27 248 
402 197 43 2 403 181 38 151 134 192 127 129 464 429 335 400 471 289 488 295 144 390 340 69 232 
42 117 261 309 425 367 234 126 57 168 358 386 346 494 52 29 290 470 80 93 127 386 355 90 479 
469 274 141 433 388 66 284 417 260 237 59 18 283 458 137 483 478 314 229 459 438 388 233 181 358 
199 339 363 294 347 462 390 291 115 157 491 451 21 240 30 325 16 2 139 404 80 21 362 379 185 
404 483 259 244 411 450 60 105 49 211 434 375 114 268 418 382 482 30 74 93 253 74 213 377 275 
419 232 17 235 191 443 328 291 18 336 55 358 404 161 185 73 351 250 3 6 139 120 226 177 481 
60 455 18 342 196 321 484 427 40 72 330 347 30 214 22 424 435 204 443 486 278 262 183 348 324 
122 335 457 247 276 218 203 433 459 306 220 308 198 376 215 171 59 10 224 39 378 53 114 489 67 
223 231 122 375 179 254 131 357 181 103 433 181 415 325 222 51 32 181 415 208 499 297 276 477 87 
382 266 360 211 86 430 83 476 320 25 339 490 360 143 428 121 455 225 70 353 222 350 97 126 71 
149 28 398 110 77 476 52 87 99 66 17 235 298 195 305 428 28 93 197 172 445 325 283 127 421 
334 334 159 457 261 472 216 350 482 217 173 6 364 263 172 37 328 280 356 341 352 11 17 83 112 
6 167 489 154 375 141 38 136 456 260 314 314 386 39 35 121 290 109 173 235 295 313 198 355 293 
156 433 286 358 140 181 490 50 454 364 124 419 344 238 476 19 343 456 475 11 412 229 368 2 207 
216 377 472 457 125 297 418 153 474 393 448 30 59 160 424 280 402 480 83 140 223 57 431 220 190 
391 270 167 171 243 399 88 386 232 210 30 163 279 149 351 464 330 15 415 381 134 387 287 143 242 
